0.1186927887935190 0.7986270424918551 0.0000000000000000
0.7838238408207115 0.5586256182685808 -1.0000000000000000
0.0005339469817589 0.2702394807486177 0.2332295355525753
0.2630367155500704 0.0443959340538238 0.4114876731761425
0.1953682344608092 0.1415542961630110 0.2920134148475577
0.0467919778397938 0.4440396412885541 -0.2510710625177635
0.0216843475915403 0.1685447149020114 0.3351637382008967
0.0637940374072641 0.1320967523815382 0.3683899313400322
0.0285610704783947 0.2404504343479537 0.2733517606227250
0.0474103159716204 0.9029876166640893 -0.0937251308431584
