2
3
5
12
19
20
25
26
31
35
40
43
44
47
49
53
54
56
57
59
60
65
67
72
73
79
83
86
90
94
99
101
116
119
121
130
132
140
141
154
155
156
158
163
168
169
178
179
182
183
184
187
191
192
195
200
202
203
207
210
211
214
217
219
221
225
233
237
238
242
246
247
250
252
272
273
274
281
286
287
288
289
291
293
306
307
308
311
315
321
322
323
325
326
332
340
342
346
349
350
351
355
356
359
360
364
365
370
374
380
382
385
388
389
394
402
405
408
412
420
431
432
436
441
450
453
457
459
460
464
473
479
485
486
487
491
492
499
523
528
529
534
537
539
543
547
552
557
558
561
562
563
564
567
568
570
572
577
579
583
588
589
596
597
606
608
613
619
621
628
630
640
641
646
647
650
652
657
659
660
663
665
670
671
676
683
684
686
692
694
697
700
701
704
706
710
713
715
716
724
726
727
729
730
738
740
744
752
759
760
761
763
764
767
768
774
777
778
780
783
788
791
793
796
798
806
808
813
814
815
818
821
825
829
833
834
835
838
839
843
851
853
857
858
864
866
869
871
874
881
884
889
890
891
893
894
895
899
901
906
909
912
915
916
918
919
923
929
931
935
936
945
950
952
954
956
959
964
965
971
973
974
977
983
986
987
990
991
993
996
1000
1002
1004
1009
1011
1014
1015
1020
1021
1023
1025
1030
1036
1038
1048
1059
1070
1071
1076
1080
1085
1090
1091
1093
1094
1098
1100
1103
1105
1109
1110
1111
1118
1119
1120
1121
1132
1136
1138
1139
1140
1154
1156
1157
1160
1170
1171
1172
1174
1176
1177
1179
1183
1184
1187
1188
1191
1192
1193
1194
1196
1197
1199
1208
1209
1211
1216
1217
1223
1229
1233
1237
1239
1244
1245
1247
1248
1251
1259
1261
1267
1278
1284
1285
1287
1290
1294
1303
1304
1306
1307
1312
1314
1315
1317
1322
1325
1326
1328
1332
1333
1336
1338
1339
1341
1344
1349
1351
1355
1358
1360
1362
1363
1365
1367
1376
1377
1381
1384
1385
1387
1388
1389
1393
1394
1395
1396
1397
1401
1403
1404
1409
1410
1411
1415
1419
1425
1427
1432
1436
1439
1442
1444
1449
1450
1451
1454
1461
1463
1467
1471
1474
1476
1477
1482
1483
1485
1492
1495
1498
1499
1500
1502
1503
1510
1515
1518
1525
1526
1527
1528
1537
1540
1544
1553
1562
1568
1570
1581
1585
1589
1591
1593
1595
1600
1601
1605
1610
1613
1618
1619
1624
1627
1628
1631
1633
1641
1642
1643
1644
1646
1649
1653
1654
1656
1659
1660
1662
1663
1664
1666
1670
1674
1677
1680
1681
1684
1685
1689
1693
1694
1695
1696
1699
1709
1710
1711
1714
1716
1717
1718
1722
1728
1729
1731
1732
1735
1745
1750
1753
1756
1757
1759
1764
1766
1770
1771
1773
1780
1783
1787
1791
1792
1796
1801
1821
1823
1826
1827
1831
1844
1848
1853
1855
1868
1870
1872
1873
1875
1876
1877
1881
1888
1893
1895
1899
1900
1915
1916
1918
1920
1923
1932
1933
1938
1939
1945
1946
1949
1956
1960
1966
1967
1970
1971
1972
1983
1986
1989
1990
1991
1998
1999
2000
2004
2016
2021
2035
2037
2048
2050
2057
2059
2060
2061
2067
2068
2075
2079
2083
2088
2090
2091
2095
2102
2104
2109
2113
2119
2121
2124
2125
2127
2133
2136
2137
2138
2146
2152
2153
2154
2156
2165
2166
2167
2170
2172
2173
2176
2178
2185
2187
2191
2194
2198
2205
2206
2213
2223
2232
2237
2242
2246
2247
2248
2250
2252
2253
2254
2255
2256
2260
2268
2272
2275
2283
2285
2289
2291
2292
2294
2297
2301
2302
2309
2313
2314
2317
2318
2327
2328
2331
2336
2337
2339
2343
2345
2352
2362
2371
2372
2381
2383
2389
2392
2402
2410
2420
2421
2423
2424
2425
2426
2427
2428
2430
2431
2435
2438
2442
2444
2447
2449
2457
2459
2467
2468
2474
2476
2477
2479
2481
2482
2483
2484
2488
2493
2500
2502
2505
2509
2510
2515
2516
2518
2521
2530
2531
2535
2539
2540
2545
2546
2551
2569
2587
2588
2592
2600
2601
2607
2608
2609
2613
2619
2620
2622
2623
2628
2634
2635
2637
2640
2645
2647
2651
2652
2662
2664
2667
2671
2679
2681
2682
2684
2685
2687
2690
2692
2693
2697
2701
2702
2703
2704
2706
2719
2720
2723
2726
2728
2735
2739
2745
2751
2755
2759
2760
2766
2769
2773
2775
2784
2786
2788
2792
2795
2801
2802
2803
2804
2806
2808
2813
2815
2816
2817
2820
2824
2825
2832
2847
2849
2854
2855
2867
2869
2876
2880
2882
2886
2897
2899
2901
2904
2905
2906
2911
2913
2914
2923
2924
2925
2930
2941
2954
2958
2962
2963
2968
2969
2971
2976
2977
2978
2979
2987
2994
2998
3004
3006
3008
3009
3010
3011
3015
3016
3017
3027
3031
3037
3039
3040
3057
3060
3066
3067
3070
3080
3085
3087
3092
3095
3097
3098
3100
3104
3105
3107
3114
3118
3121
3123
3129
3134
3142
3143
3147
3149
3152
3163
3164
3170
3173
3178
3183
3184
3190
3192
3197
3198
3201
3204
3206
3208
3212
3215
3217
3218
3219
3220
3226
3227
3232
3236
3247
3248
3252
3253
3254
3262
3264
3265
3267
3274
3279
3283
3284
3287
3288
3289
3299
3300
3305
3309
3311
3315
3316
3319
3322
3328
3330
3334
3335
3340
3342
3343
3356
3357
3358
3368
3372
3374
3376
3380
3384
3387
3390
3395
3398
3399
3401
3402
3406
3408
3411
3415
3419
3421
3429
3430
3431
3437
3440
3442
3444
3446
3447
3449
3454
3458
3459
3461
3465
3473
3474
3485
3494
3497
3498
3507
3510
3520
3523
3533
3535
3536
3537
3540
3545
3552
3553
3554
3555
3560
3567
3571
3572
3574
3575
3578
3582
3583
3593
3596
3601
3602
3604
3606
3623
3624
3625
3627
3628
3634
3647
3649
3656
3663
3665
3668
3670
3676
3677
3678
3679
3684
3690
3692
3693
3699
3704
3706
3707
3713
3715
3716
3720
3722
3725
3726
3728
3734
3736
3737
3742
3743
3744
3753
3755
3756
3761
3763
3765
3766
3768
3769
3770
3773
3774
3777
3779
3780
3788
3789
3795
3796
3799
3804
3805
3806
3815
3816
3817
3820
3821
3823
3824
3825
3827
3830
3831
3832
3834
3839
3840
3841
3843
3852
3856
3858
3859
3861
3862
3864
3867
3872
3878
3883
3889
3891
3892
3898
3899
3901
3902
3904
3907
3908
3910
3922
3926
3929
3930
3941
3943
3944
3949
3950
3951
3952
3954
3960
3961
3964
3965
3967
3974
3977
3987
3990
3993
3995
3997
4000
