1
5
7
8
9
10
13
14
15
16
17
18
20
21
22
23
24
25
26
27
29
30
31
33
35
36
37
38
40
41
42
45
46
49
50
51
53
54
55
56
59
60
61
62
63
65
67
69
70
72
74
75
76
78
80
81
82
83
84
85
87
90
91
93
95
96
97
98
99
100
101
102
103
104
105
106
107
108
110
111
112
113
114
116
117
119
121
123
125
127
128
129
132
134
135
136
137
138
141
142
143
144
145
146
147
148
149
152
153
154
155
157
159
161
162
164
165
166
167
168
169
170
172
176
178
179
180
181
184
185
186
187
189
190
192
193
197
198
199
203
204
206
207
208
209
210
211
212
213
214
215
216
217
218
219
221
223
224
225
226
227
229
231
234
236
237
238
240
241
242
244
245
246
248
250
251
252
253
254
255
256
257
258
259
260
262
263
266
267
269
272
273
274
275
276
277
278
279
280
281
282
284
285
286
290
291
292
293
294
295
298
299
301
302
303
304
305
308
309
310
311
312
313
314
315
316
317
320
321
322
323
324
325
326
328
329
330
331
332
333
334
335
336
337
339
340
341
342
343
345
347
349
350
351
352
356
359
360
362
363
365
367
369
370
371
372
373
374
375
376
378
379
380
381
382
384
385
387
388
389
392
393
394
395
396
397
400
402
405
406
407
409
410
412
413
414
415
416
417
418
419
420
421
422
423
425
426
427
428
429
430
434
435
436
437
438
439
442
444
445
446
447
449
450
451
452
453
454
456
458
460
461
462
463
464
466
467
468
470
471
472
473
474
475
476
477
478
480
481
483
484
485
486
487
489
490
491
492
493
495
496
497
501
502
504
505
506
509
512
515
518
519
520
521
522
524
526
528
529
531
532
534
536
538
539
540
541
542
544
545
546
548
550
551
552
553
554
557
558
559
560
561
563
565
566
569
570
571
574
575
576
577
578
580
581
582
584
585
587
588
589
591
592
593
594
595
596
597
598
599
600
601
602
603
604
605
607
608
609
614
615
616
617
620
624
625
626
627
628
629
630
632
633
634
635
637
638
639
643
644
645
646
647
649
650
651
652
656
657
658
659
660
662
664
665
667
668
671
672
673
674
675
676
677
680
682
684
685
686
687
690
691
692
693
694
697
698
700
702
704
705
706
707
708
709
711
713
714
716
718
719
720
721
722
725
726
727
728
729
730
731
732
733
734
735
736
737
739
740
741
742
745
746
747
748
749
751
752
753
754
757
758
759
760
763
765
766
768
769
770
771
772
773
774
775
776
777
778
779
781
782
784
785
786
787
788
789
791
792
793
794
795
797
798
799
800
801
802
803
805
806
807
810
812
813
815
817
819
820
821
822
823
825
826
827
828
829
830
831
832
833
834
836
838
839
841
842
843
844
848
849
850
851
852
853
854
856
857
858
859
860
862
863
868
869
870
871
874
875
876
879
880
881
882
883
885
886
888
889
891
892
895
896
897
899
900
901
902
905
907
908
909
911
912
913
914
915
916
917
918
919
920
921
922
923
925
927
928
929
930
931
932
933
934
935
938
939
940
941
942
944
945
947
948
949
950
951
952
954
955
956
957
958
959
962
964
965
966
967
969
970
971
972
973
974
977
979
981
982
983
986
987
989
992
993
994
996
997
999
1000
1001
1002
1003
1004
1007
1009
1010
1011
1012
1013
1015
1016
1017
1019
1020
1022
1024
1025
1026
1027
1028
1029
1030
1033
1035
1037
1039
1041
1043
1044
1047
1048
1050
1051
1052
1053
1054
1055
1058
1060
1062
1063
1064
1065
1066
1067
1068
1069
1070
1072
1074
1075
1077
1078
1079
1081
1082
1083
1084
1085
1086
1087
1088
1089
1091
1092
1093
1094
1097
1098
1100
1102
1103
1104
1105
1106
1107
1108
1109
1111
1113
1114
1115
1117
1120
1121
1122
1123
1124
1125
1126
1127
1128
1130
1131
1133
1135
1136
1138
1140
1142
1143
1144
1145
1146
1147
1148
1149
1150
1151
1152
1153
1154
1155
1156
1157
1159
1160
1162
1163
1164
1167
1169
1170
1171
1174
1175
1176
1177
1178
1179
1180
1181
1184
1186
1187
1188
1189
1190
1191
1192
1193
1195
1196
1197
1198
1200
1201
1202
1203
1204
1206
1208
1209
1210
1211
1212
1213
1214
1215
1217
1218
1220
1222
1223
1224
1225
1226
1227
1229
1230
1231
1232
1233
1235
1236
1240
1241
1242
1243
1244
1245
1246
1247
1248
1250
1251
1253
1254
1256
1258
1260
1261
1262
1263
1266
1267
1268
1270
1271
1272
1273
1274
1277
1278
1279
1280
1281
1284
1285
1286
1288
1289
1290
1292
1293
1294
1295
1297
1298
1300
1301
1302
1304
1305
1306
1307
1308
1309
1310
1311
1312
1313
1314
1315
1316
1317
1320
1321
1322
1324
1326
1327
1328
1330
1331
1333
1334
1335
1337
1341
1342
1343
1344
1346
1347
1349
1351
1353
1354
1355
1357
1358
1359
1361
1362
1364
1365
1366
1367
1369
1370
1371
1372
1373
1374
1377
1378
1379
1380
1382
1383
1384
1386
1387
1388
1389
1390
1392
1393
1394
1395
1396
1397
1398
1399
1401
1402
1403
1404
1405
1406
1407
1410
1411
1416
1418
1419
1420
1423
1424
1425
1427
1429
1430
1431
1432
1433
1434
1435
1436
1438
1439
1440
1441
1442
1443
1444
1445
1446
1447
1448
1449
1450
1451
1452
1454
1455
1457
1458
1459
1460
1462
1463
1466
1469
1472
1473
1474
1475
1476
1478
1480
1484
1485
1487
1488
1489
1490
1491
1492
1494
1495
1496
1497
1498
1499
1500
1501
1503
1505
1506
1507
1508
1509
1510
1513
1514
1516
1517
1518
1519
1520
1522
1524
1527
1528
1529
1530
1531
1532
1533
1534
1535
1537
1538
1539
1540
1541
1542
1545
1547
1548
1549
1550
1551
1553
1554
1556
1557
1558
1559
1560
1561
1562
1563
1565
1566
1568
1569
1570
1571
1572
1573
1574
1575
1576
1577
1580
1581
1582
1583
1584
1586
1587
1588
1589
1591
1592
1593
1594
1595
1596
1597
1598
1602
1603
1604
1605
1606
1608
1609
1610
1611
1612
1613
1614
1615
1616
1617
1618
1621
1622
1623
1624
1625
1627
1629
1630
1631
1632
1633
1634
1635
1637
1638
1639
1640
1641
1642
1643
1644
1645
1646
1647
1648
1650
1651
1652
1653
1654
1655
1657
1658
1659
1661
1662
1663
1666
1668
1670
1672
1674
1675
1676
1677
1679
1680
1681
1684
1685
1689
1690
1693
1694
1695
1697
1700
1701
1703
1704
1713
1714
1715
1716
1717
1719
1721
1723
1725
1726
1727
1729
1730
1731
1732
1733
1735
1738
1739
1740
1742
1745
1746
1747
1748
1750
1751
1753
1754
1756
1757
1758
1760
1762
1764
1767
1768
1769
1770
1771
1772
1773
1774
1776
1777
1778
1779
1780
1782
1783
1784
1785
1786
1788
1790
1791
1793
1794
1795
1796
1797
1798
1799
1801
1803
1804
1805
1806
1808
1809
1810
1811
1813
1814
1815
1816
1817
1821
1823
1827
1828
1829
1830
1831
1832
1834
1835
1836
1837
1839
1842
1843
1844
1845
1847
1848
1850
1851
1855
1856
1858
1859
1860
1863
1864
1866
1867
1869
1871
1872
1875
1876
1877
1878
1881
1882
1883
1884
1886
1887
1888
1889
1890
1894
1895
1896
1897
1898
1899
1901
1904
1905
1906
1907
1908
1909
1910
1911
1912
1913
1915
1916
1918
1919
1920
1922
1923
1924
1925
1926
1927
1929
1930
1932
1933
1934
1935
1936
1937
1940
1944
1945
1947
1948
1949
1952
1953
1954
1956
1957
1958
1961
1962
1963
1964
1965
1966
1969
1970
1971
1972
1976
1977
1979
1980
1983
1984
1986
1987
1988
1989
1990
1991
1992
1993
1995
1997
1998
1999
2000
2002
2003
2005
2006
2007
2008
2010
2012
2013
2014
2016
2017
2018
2019
2020
2021
2022
2024
2025
2026
2027
2029
2030
2031
2033
2034
2035
2036
2037
2038
2039
2040
2041
2042
2043
2044
2045
2046
2047
2048
2049
2050
2051
2052
2053
2054
2057
2059
2060
2061
2062
2063
2065
2066
2067
2068
2069
2070
2071
2072
2073
2074
2076
2077
2078
2079
2080
2081
2082
2083
2084
2086
2087
2091
2092
2094
2096
2097
2098
2099
2103
2104
2105
2106
2107
2108
2110
2111
2112
2113
2114
2115
2116
2119
2120
2121
2122
2125
2126
2127
2129
2130
2132
2133
2134
2135
2136
2137
2138
2140
2141
2142
2143
2145
2146
2147
2148
2149
2151
2153
2154
2155
2156
2157
2159
2161
2162
2164
2165
2166
2167
2168
2169
2170
2171
2172
2173
2175
2178
2182
2183
2184
2185
2186
2187
2188
2190
2191
2194
2195
2196
2197
2198
2199
2200
2201
2202
2203
2204
2205
2208
2209
2210
2213
2215
2217
2218
2220
2221
2222
2224
2225
2226
2227
2228
2231
2232
2233
2235
2236
2238
2239
2240
2241
2242
2243
2244
2247
2248
2249
2250
2251
2252
2254
2255
2256
2257
2259
2260
2261
2263
2264
2265
2266
2267
2271
2273
2275
2277
2278
2280
2281
2282
2288
2290
2291
2293
2295
2296
2298
2299
2301
2302
2304
2305
2307
2310
2313
2314
2315
2316
2318
2319
2320
2321
2322
2323
2324
2325
2328
2329
2330
2331
2332
2333
2334
2335
2336
2337
2338
2339
2340
2342
2343
2345
2346
2348
2349
2352
2353
2354
2355
2357
2358
2359
2360
2361
2363
2364
2365
2366
2368
2369
2370
2371
2372
2373
2374
2375
2376
2377
2378
2380
2381
2383
2384
2386
2387
2388
2390
2392
2394
2395
2398
2400
2402
2403
2404
2406
2407
2408
2409
2411
2414
2415
2416
2417
2419
2420
2421
2422
2424
2426
2428
2429
2430
2431
2432
2433
2434
2435
2436
2438
2441
2444
2445
2447
2448
2449
2451
2453
2454
2455
2457
2458
2459
2460
2461
2462
2463
2465
2467
2468
2469
2472
2474
2476
2477
2478
2480
2483
2485
2486
2487
2488
2491
2493
2494
2495
2496
2497
2499
2501
2502
2503
2504
2505
2506
2509
2510
2512
2513
2515
2516
2517
2519
2521
2522
2523
2524
2525
2527
2528
2530
2531
2532
2533
2534
2535
2536
2538
2540
2541
2544
2545
2546
2548
2549
2550
2552
2553
2554
2555
2556
2557
2558
2560
2561
2563
2564
2565
2566
2567
2568
2569
2570
2571
2572
2573
2574
2575
2576
2579
2580
2581
2583
2585
2586
2587
2588
2589
2590
2592
2594
2596
2597
2598
2599
2600
2601
2602
2603
2604
2606
2607
2608
2609
2610
2611
2612
2613
2614
2615
2617
2619
2621
2622
2623
2624
2625
2626
2627
2629
2630
2631
2634
2637
2638
2639
2641
2642
2643
2644
2645
2646
2648
2649
2650
2656
2657
2659
2660
2661
2662
2663
2665
2666
2667
2668
2669
2670
2671
2672
2673
2675
2676
2678
2682
2683
2684
2685
2686
2689
2690
2691
2692
2693
2694
2695
2697
2698
2701
2702
2704
2705
2708
2709
2710
2711
2712
2713
2715
2716
2717
2718
2719
2720
2721
2723
2724
2725
2726
2727
2728
2729
2730
2731
2732
2733
2735
2736
2737
2738
2739
2740
2741
2742
2743
2744
2745
2747
2749
2750
2751
2752
2753
2754
2755
2756
2758
2759
2760
2761
2764
2765
2766
2767
2769
2770
2772
2775
2777
2778
2779
2780
2781
2782
2783
2784
2785
2787
2788
2789
2790
2791
2793
2794
2796
2797
2798
2800
2802
2803
2804
2805
2806
2807
2808
2809
2811
2812
2813
2815
2817
2818
2819
2820
2821
2822
2824
2825
2826
2827
2828
2829
2831
2832
2833
2835
2836
2837
2838
2839
2841
2842
2845
2846
2848
2849
2851
2852
2853
2854
2856
2857
2859
2860
2862
2864
2865
2866
2867
2868
2871
2873
2875
2876
2877
2878
2879
2880
2881
2882
2883
2886
2887
2888
2889
2890
2891
2892
2894
2895
2896
2897
2899
2901
2902
2903
2904
2905
2906
2907
2908
2909
2911
2912
2913
2915
2916
2918
2919
2920
2922
2923
2924
2925
2926
2928
2929
2930
2931
2932
2933
2934
2935
2936
2937
2939
2941
2942
2943
2945
2946
2947
2948
2949
2951
2952
2953
2954
2955
2956
2957
2958
2960
2961
2962
2966
2967
2968
2970
2971
2973
2974
2975
2976
2978
2979
2982
2983
2984
2986
2987
2988
2989
2990
2991
2992
2993
2994
2996
2997
2998
2999
3000
3001
3002
3005
3006
3007
3008
3009
3010
3011
3012
3013
3014
3015
3018
3019
3021
3022
3023
3025
3026
3027
3028
3029
3030
3032
3034
3035
3036
3037
3038
3040
3041
3042
3043
3044
3045
3046
3047
3048
3050
3051
3052
3053
3054
3055
3056
3057
3059
3060
3063
3064
3067
3068
3070
3071
3072
3073
3074
3076
3078
3079
3080
3082
3086
3087
3088
3089
3090
3091
3092
3094
3095
3096
3098
3099
3100
3101
3103
3105
3107
3109
3110
3111
3112
3114
3115
3116
3117
3119
3120
3121
3124
3126
3127
3128
3130
3132
3133
3134
3135
3136
3138
3139
3141
3142
3144
3149
3150
3153
3154
3155
3156
3159
3160
3161
3163
3165
3167
3168
3170
3171
3173
3174
3175
3176
3178
3179
3180
3182
3183
3184
3185
3189
3191
3192
3193
3195
3196
3197
3198
3200
3201
3202
3203
3204
3205
3208
3209
3210
3211
3213
3214
3215
3216
3218
3219
3221
3222
3224
3225
3226
3228
3230
3231
3232
3234
3235
3236
3237
3239
3241
3243
3244
3245
3246
3247
3248
3250
3253
3254
3256
3257
3258
3259
3260
3261
3262
3264
3265
3266
3267
3269
3270
3271
3272
3273
3274
3275
3278
3279
3280
3281
3282
3283
3285
3286
3287
3288
3289
3290
3292
3293
3294
3295
3296
3299
3300
3301
3303
3304
3305
3306
3307
3308
3309
3311
3313
3314
3317
3318
3320
3321
3322
3323
3324
3325
3327
3330
3332
3334
3335
3336
3338
3339
3340
3341
3342
3343
3344
3345
3346
3347
3348
3349
3350
3351
3352
3354
3355
3356
3357
3358
3360
3361
3362
3363
3364
3366
3367
3368
3371
3373
3375
3376
3377
3381
3382
3383
3384
3385
3386
3387
3388
3389
3390
3391
3392
3395
3396
3397
3398
3400
3403
3404
3405
3407
3408
3409
3410
3411
3413
3414
3415
3416
3420
3421
3423
3424
3425
3426
3428
3430
3431
3432
3433
3434
3435
3436
3437
3439
3441
3443
3444
3445
3446
3448
3452
3453
3454
3455
3456
3458
3459
3460
3461
3463
3464
3466
3467
3468
3470
3471
3473
3475
3476
3477
3479
3480
3481
3483
3485
3486
3487
3488
3489
3490
3491
3493
3495
3496
3497
3499
3500
3502
3505
3506
3507
3508
3509
3510
3511
3512
3514
3515
3518
3519
3520
3521
3524
3525
3526
3528
3529
3531
3533
3535
3537
3538
3539
3540
3541
3542
3543
3546
3548
3549
3550
3551
3552
3553
3554
3555
3557
3558
3559
3560
3561
3562
3563
3564
3565
3566
3567
3568
3569
3570
3571
3574
3575
3576
3577
3579
3580
3581
3585
3586
3587
3588
3589
3590
3591
3593
3594
3595
3596
3597
3599
3600
3601
3602
3604
3607
3609
3610
3611
3612
3613
3616
3617
3620
3621
3622
3624
3627
3628
3629
3630
3631
3632
3633
3634
3638
3640
3641
3642
3643
3645
3646
3651
3652
3654
3655
3658
3659
3660
3661
3662
3663
3664
3665
3667
3668
3670
3671
3674
3675
3678
3679
3680
3681
3682
3685
3686
3687
3688
3689
3690
3692
3693
3694
3696
3697
3698
3699
3700
3701
3702
3704
3705
3707
3708
3709
3710
3711
3712
3713
3714
3715
3716
3719
3720
3721
3722
3723
3727
3728
3730
3731
3732
3733
3734
3736
3737
3738
3739
3740
3741
3743
3745
3747
3749
3751
3754
3755
3756
3757
3758
3760
3762
3763
3767
3772
3773
3774
3775
3776
3779
3780
3782
3784
3786
3788
3789
3791
3792
3793
3794
3796
3798
3799
3800
3801
3803
3805
3806
3807
3809
3810
3811
3812
3813
3814
3815
3816
3818
3819
3821
3822
3828
3829
3830
3831
3832
3833
3834
3835
3837
3838
3839
3841
3842
3843
3845
3847
3848
3849
3850
3851
3852
3854
3855
3856
3857
3858
3859
3860
3861
3862
3864
3865
3867
3868
3869
3870
3871
3873
3874
3875
3876
3879
3881
3882
3883
3886
3887
3888
3889
3891
3893
3894
3896
3897
3900
3901
3902
3903
3904
3907
3908
3909
3910
3911
3912
3913
3914
3915
3916
3917
3918
3919
3920
3921
3922
3923
3925
3926
3927
3928
3929
3930
3931
3934
3935
3937
3938
3939
3940
3941
3942
3943
3945
3947
3948
3949
3951
3952
3953
3954
3955
3956
3957
3958
3959
3961
3962
3963
3965
3966
3967
3969
3970
3971
3972
3973
3974
3977
3978
3979
3980
3981
3982
3983
3984
3985
3986
3987
3988
3989
3990
3991
3994
3995
3999
4000
