29
30
34
63
81
88
91
93
95
102
114
116
119
128
130
131
134
139
145
147
150
152
167
173
197
198
203
205
209
213
219
221
234
235
238
244
257
258
283
284
289
308
321
325
336
341
371
372
387
394
403
420
421
423
426
427
430
436
437
439
453
455
458
462
466
472
474
480
484
487
489
491
496
505
512
514
536
539
548
550
551
554
556
562
569
571
574
598
616
624
627
629
636
641
651
682
686
689
714
716
722
730
732
740
745
756
767
793
795
799
801
812
817
819
836
839
842
846
850
858
864
868
875
880
887
889
891
902
918
927
930
938
939
952
956
960
963
966
967
970
975
978
980
982
988
997
998
1005
1009
1015
1027
1028
1034
1036
1039
1050
1054
1074
1079
1084
1087
1088
1100
1102
1105
1131
1141
1142
1145
1146
1147
1151
1152
1169
1188
1197
1201
1210
1220
1222
1229
1236
1251
1259
1262
1270
1278
1281
1282
1284
1301
1333
1349
1352
1355
1358
1360
1364
1370
1374
1378
1388
1390
1400
1411
1415
1417
1423
1424
1426
1446
1462
1502
1509
1517
1518
1519
1529
1530
1532
1539
1550
1573
1585
1586
1587
1596
1599
1613
1618
1639
1641
1649
1659
1662
1666
1693
1718
1743
1745
1757
1765
1766
1777
1783
1794
1795
1797
1811
1817
1824
1836
1843
1844
1855
1862
1868
1871
1872
1874
1877
1893
1897
1907
1908
1924
1926
1930
1932
1933
1935
1943
1947
1957
1961
1963
1977
1998
1999
2008
2010
2013
2014
2015
2016
2017
2023
2030
2031
2040
2044
2045
2046
2048
2050
2055
2056
2074
2081
2084
2089
2125
2126
2138
2141
2168
2173
2181
2184
2188
2189
2216
2224
2227
2237
2243
2248
2250
2251
2254
2262
2264
2266
2270
2277
2278
2285
2300
2311
2312
2317
2321
2322
2325
2328
2333
2357
2363
2368
2374
2375
2379
2384
2388
2393
2397
2399
2401
2404
2413
2417
2419
2423
2426
2429
2432
2433
2438
2440
2443
2446
2447
2450
2454
2456
2462
2464
2471
2475
2514
2519
2521
2522
2537
2538
2542
2557
2561
2565
2573
2575
2578
2580
2593
2595
2605
2610
2617
2619
2623
2624
2636
2641
2644
2648
2653
2656
2665
2672
2688
2689
2699
2701
2704
2717
2739
2745
2746
2747
2753
2759
2783
2787
2788
2791
2799
2810
2813
2821
2823
2826
2832
2848
2850
2854
2864
2883
2884
2894
2898
2899
2900
2902
2903
2911
2926
2940
2955
2966
2967
2970
2973
2975
2979
2988
2989
2994
2999
3003
3019
3048
3055
3061
3070
3071
3074
3088
3100
3102
3105
3106
3110
3116
3119
3124
3127
3140
3149
3158
3162
3163
3167
3179
3180
3198
3203
3208
3215
3229
3254
3258
3261
3267
3272
3273
3280
3282
3291
3294
3307
3314
3318
3340
3350
3355
3368
3370
3383
3386
3388
3399
3413
3424
3425
3434
3439
3463
3471
3475
3478
3481
3488
3489
3490
3497
3507
3509
3513
3516
3523
3527
3529
3535
3541
3550
3556
3558
3565
3567
3569
3574
3581
3591
3596
3607
3614
3618
3626
3627
3628
3631
3636
3641
3643
3659
3671
3676
3682
3688
3712
3721
3726
3733
3739
3744
3758
3764
3767
3780
3785
3791
3804
3810
3814
3819
3824
3835
3836
3837
3839
3841
3845
3874
3875
3889
3905
3910
3922
3946
3953
3961
3964
3967
3971
3983
