19
21
22
31
35
40
46
52
54
79
129
133
140
158
171
180
206
217
225
228
230
233
252
287
291
305
308
323
333
336
351
354
379
384
387
424
428
498
510
512
518
527
534
540
545
578
580
602
607
645
650
660
667
683
740
743
746
747
762
791
798
834
839
856
861
869
871
888
898
913
922
927
949
962
967
977
982
991
995
997
1037
1045
1047
1051
1086
1099
1103
1125
1135
1152
1156
1167
1176
1211
1241
1263
1269
1272
1288
1313
1326
1341
1354
1355
1358
1377
1379
1424
1428
1433
1450
1458
1465
1496
1503
1506
1508
1520
1523
1525
1537
1561
1580
1588
1590
1605
1619
1628
1662
1672
1678
1695
1715
1740
1756
1760
1761
1767
1794
1805
1813
1834
1836
1841
1854
1871
1878
1902
1931
1946
1962
1975
1978
1993
1996
2007
2027
2066
2067
2076
2083
2092
2113
2114
2127
2129
2149
2156
2159
2164
2181
2194
2197
2198
2206
2222
2223
2224
2230
2234
2247
2259
2278
2289
2322
2336
2357
2362
2363
2374
2383
2384
2385
2398
2406
2449
2459
2462
2490
2516
2520
2559
2566
2570
2582
2585
2652
2666
2677
2697
2715
2720
2736
2746
2758
2778
2783
2803
2806
2817
2858
2876
2886
2912
2924
2931
2944
2972
2982
2993
3002
3014
3059
3083
3095
3099
3104
3116
3125
3184
3189
3208
3221
3224
3225
3240
3241
3251
3268
3278
3289
3301
3302
3328
3353
3373
3388
3399
3447
3463
3489
3492
3493
3505
3513
3518
3552
3554
3567
3568
3574
3579
3600
3617
3621
3622
3624
3638
3644
3667
3687
3691
3692
3694
3706
3718
3733
3741
3753
3805
3814
3849
3882
3884
3887
3897
3911
3928
3957
3959
3975
