2
3
5
6
9
13
14
15
17
20
22
23
25
26
27
29
30
31
36
39
40
41
42
43
45
46
49
52
53
54
55
56
57
60
61
62
65
67
69
73
76
77
78
87
89
91
95
96
97
98
103
105
106
107
109
110
111
114
115
116
117
118
119
120
121
123
124
127
129
130
132
134
135
142
143
145
147
148
149
151
152
153
158
160
161
165
169
170
172
174
176
177
178
179
181
183
184
188
189
190
191
192
193
195
197
198
199
201
203
204
206
209
212
213
215
216
218
220
225
226
232
233
234
235
236
237
238
239
241
242
243
244
246
249
250
251
253
254
255
257
258
259
260
262
265
267
268
275
276
278
279
280
282
285
287
289
290
292
293
294
295
297
298
299
300
301
303
304
305
312
313
315
319
320
321
324
329
331
333
334
335
338
339
341
342
344
345
348
351
352
356
357
358
365
366
367
368
369
370
371
374
377
381
382
385
386
388
390
393
395
396
397
398
402
403
405
408
409
410
411
412
413
414
417
418
421
422
424
426
428
429
430
431
436
439
441
442
445
450
451
453
455
457
459
461
463
467
469
470
471
472
475
476
478
479
480
481
484
485
487
488
490
493
496
498
499
500
501
502
503
506
507
510
512
517
521
523
526
527
531
532
534
537
539
541
542
543
547
548
550
552
556
560
561
562
564
566
567
568
569
570
573
576
579
580
581
583
585
586
587
590
591
592
593
594
595
596
597
599
600
604
605
606
607
608
610
612
613
616
619
621
626
629
631
632
637
638
639
642
646
647
653
657
658
660
661
662
663
664
666
667
669
670
671
675
676
677
678
679
680
681
682
683
691
696
697
698
699
700
701
702
703
704
705
706
707
708
709
711
712
713
714
721
722
724
726
727
730
734
735
739
741
742
743
745
747
748
749
750
752
753
754
756
757
760
762
763
765
767
768
769
770
771
774
775
776
777
778
781
787
788
790
791
793
794
795
799
800
803
804
805
807
809
811
814
816
817
819
820
821
822
823
824
825
828
832
833
834
838
841
847
848
850
852
853
855
856
857
861
863
864
865
866
868
869
870
871
873
877
880
882
884
888
892
893
894
895
897
898
899
901
903
906
909
910
911
914
915
916
918
919
921
922
923
924
925
930
931
932
933
934
936
941
942
944
945
947
948
950
951
952
953
956
958
961
962
965
966
967
968
969
970
971
973
974
976
977
986
987
993
995
997
998
1001
1002
1003
1004
1005
1007
1008
1010
1011
1015
1017
1022
1023
1024
1025
1026
1032
1034
1035
1041
1042
1043
1045
1046
1047
1048
1050
1051
1052
1054
1058
1059
1061
1064
1069
1070
1072
1073
1074
1075
1076
1077
1078
1083
1084
1087
1088
1089
1090
1092
1094
1097
1100
1101
1103
1104
1105
1106
1107
1109
1110
1111
1114
1115
1117
1118
1119
1121
1122
1124
1126
1127
1128
1129
1132
1133
1135
1136
1141
1142
1143
1146
1148
1149
1151
1152
1154
1155
1156
1157
1159
1164
1165
1169
1173
1174
1175
1176
1178
1182
1184
1186
1189
1191
1193
1196
1197
1202
1203
1209
1210
1212
1216
1217
1218
1220
1221
1223
1224
1227
1228
1229
1230
1231
1232
1234
1236
1237
1238
1241
1243
1244
1245
1246
1250
1252
1254
1256
1258
1259
1260
1263
1266
1269
1273
1274
1275
1276
1278
1281
1282
1287
1288
1289
1290
1291
1295
1296
1300
1303
1304
1306
1307
1310
1312
1316
1318
1320
1323
1324
1325
1331
1332
1334
1336
1337
1340
1343
1344
1345
1346
1348
1350
1351
1352
1353
1362
1365
1366
1367
1368
1369
1370
1371
1372
1373
1377
1379
1380
1386
1387
1389
1390
1391
1392
1394
1395
1398
1400
1401
1404
1405
1407
1410
1413
1414
1415
1417
1418
1419
1421
1422
1423
1424
1429
1431
1433
1436
1437
1441
1442
1443
1444
1445
1448
1450
1451
1453
1454
1456
1457
1458
1461
1462
1464
1465
1468
1469
1471
1472
1473
1474
1477
1481
1482
1483
1484
1485
1486
1487
1489
1490
1492
1495
1496
1498
1499
1500
1502
1503
1504
1505
1506
1508
1514
1517
1519
1520
1521
1522
1523
1524
1527
1528
1529
1530
1532
1533
1536
1538
1542
1543
1544
1546
1547
1549
1557
1559
1560
1565
1566
1567
1570
1571
1573
1576
1577
1578
1580
1581
1584
1586
1587
1589
1591
1593
1594
1599
1602
1605
1606
1608
1610
1611
1612
1613
1616
1619
1620
1622
1626
1628
1629
1630
1631
1632
1633
1636
1638
1639
1642
1643
1644
1647
1648
1650
1651
1655
1658
1661
1662
1663
1664
1667
1668
1669
1670
1671
1675
1677
1678
1680
1681
1684
1687
1689
1690
1694
1695
1696
1698
1700
1704
1707
1708
1712
1715
1716
1717
1719
1720
1721
1723
1726
1730
1733
1738
1739
1740
1742
1743
1744
1746
1751
1752
1753
1754
1755
1756
1758
1759
1760
1761
1763
1766
1770
1773
1775
1778
1779
1781
1783
1785
1787
1788
1790
1791
1794
1795
1797
1798
1799
1801
1805
1806
1810
1812
1813
1815
1816
1817
1820
1822
1832
1833
1841
1843
1844
1845
1852
1853
1855
1856
1857
1863
1869
1871
1872
1873
1874
1881
1884
1886
1888
1889
1890
1891
1893
1894
1902
1903
1906
1908
1909
1910
1911
1913
1917
1922
1923
1925
1926
1927
1928
1932
1933
1934
1935
1940
1941
1942
1943
1948
1949
1952
1954
1957
1958
1959
1961
1962
1963
1964
1965
1966
1967
1968
1969
1976
1977
1978
1979
1980
1982
1987
1988
1990
1991
1998
2000
2001
2004
2005
2006
2007
2008
2012
2015
2016
2017
2018
2019
2022
2023
2024
2025
2026
2027
2029
2031
2033
2034
2037
2038
2039
2041
2042
2043
2044
2045
2048
2049
2051
2054
2055
2057
2060
2063
2064
2068
2072
2076
2079
2080
2081
2083
2084
2086
2091
2094
2098
2104
2107
2109
2111
2113
2114
2116
2120
2123
2128
2129
2130
2134
2135
2137
2139
2141
2146
2149
2150
2151
2152
2153
2159
2160
2161
2162
2163
2165
2166
2168
2169
2170
2171
2172
2176
2177
2182
2184
2185
2186
2187
2190
2191
2192
2193
2194
2196
2197
2199
2200
2201
2202
2203
2204
2205
2206
2208
2211
2212
2213
2216
2220
2222
2224
2225
2226
2227
2228
2230
2232
2236
2239
2240
2243
2244
2246
2247
2249
2252
2254
2256
2257
2258
2259
2260
2261
2262
2263
2265
2267
2269
2271
2273
2274
2276
2277
2279
2281
2285
2286
2288
2289
2292
2293
2294
2298
2299
2300
2302
2303
2305
2306
2313
2316
2318
2323
2324
2326
2327
2330
2335
2336
2337
2340
2343
2347
2349
2350
2352
2353
2357
2363
2364
2369
2375
2376
2377
2378
2380
2382
2384
2385
2386
2392
2394
2397
2398
2400
2404
2405
2406
2408
2413
2417
2419
2423
2427
2429
2430
2432
2433
2435
2437
2441
2442
2445
2446
2448
2451
2453
2454
2459
2463
2465
2467
2469
2470
2475
2480
2483
2484
2485
2486
2488
2490
2493
2494
2495
2497
2498
2501
2503
2505
2506
2508
2511
2522
2523
2524
2525
2526
2527
2528
2529
2530
2532
2537
2538
2543
2544
2545
2546
2548
2549
2550
2551
2554
2556
2557
2566
2567
2568
2569
2572
2574
2579
2580
2581
2586
2588
2591
2593
2594
2595
2597
2601
2602
2603
2604
2606
2607
2609
2610
2611
2613
2615
2616
2618
2619
2620
2621
2622
2629
2630
2632
2637
2641
2645
2646
2647
2648
2652
2654
2655
2656
2658
2661
2662
2663
2665
2669
2676
2677
2679
2683
2686
2687
2690
2691
2697
2698
2700
2701
2704
2705
2712
2713
2717
2718
2721
2722
2723
2724
2727
2728
2729
2731
2733
2739
2740
2742
2743
2744
2745
2747
2748
2749
2752
2753
2757
2758
2759
2760
2762
2763
2765
2767
2770
2771
2772
2773
2775
2776
2777
2780
2783
2784
2789
2790
2791
2792
2793
2794
2796
2797
2800
2801
2802
2803
2804
2810
2812
2813
2815
2818
2820
2827
2830
2831
2833
2834
2835
2842
2843
2844
2848
2849
2851
2852
2853
2859
2862
2863
2865
2866
2867
2868
2869
2871
2877
2878
2879
2881
2882
2887
2888
2889
2890
2892
2893
2894
2895
2899
2900
2901
2902
2904
2910
2911
2912
2913
2914
2915
2918
2919
2920
2922
2924
2925
2926
2927
2928
2931
2933
2937
2938
2942
2943
2947
2950
2952
2953
2954
2956
2957
2958
2961
2964
2965
2967
2968
2969
2970
2972
2973
2974
2976
2977
2980
2981
2983
2984
2990
2995
2998
2999
3000
3001
3002
3003
3005
3008
3009
3010
3013
3015
3016
3017
3021
3022
3023
3025
3026
3028
3029
3030
3031
3032
3034
3036
3037
3038
3039
3041
3048
3058
3061
3066
3067
3068
3069
3070
3072
3073
3076
3078
3082
3084
3088
3090
3091
3092
3096
3097
3098
3099
3103
3104
3105
3106
3107
3108
3110
3114
3116
3117
3122
3126
3127
3130
3131
3134
3136
3137
3139
3142
3143
3144
3146
3147
3148
3151
3152
3154
3155
3160
3161
3163
3164
3168
3169
3170
3172
3173
3175
3176
3179
3182
3185
3190
3193
3198
3201
3202
3203
3205
3209
3212
3217
3219
3224
3225
3226
3227
3228
3230
3231
3232
3234
3237
3242
3243
3246
3249
3253
3255
3256
3259
3260
3261
3264
3267
3274
3276
3277
3278
3279
3283
3285
3286
3290
3293
3294
3297
3299
3300
3302
3305
3306
3309
3310
3312
3314
3315
3316
3319
3321
3322
3323
3324
3326
3329
3330
3336
3339
3340
3341
3342
3343
3344
3345
3347
3349
3350
3351
3354
3356
3357
3358
3360
3361
3364
3365
3366
3367
3372
3373
3375
3378
3379
3382
3386
3387
3388
3389
3390
3391
3397
3399
3403
3406
3407
3409
3411
3415
3416
3418
3419
3421
3422
3423
3424
3431
3434
3436
3438
3439
3443
3446
3450
3451
3452
3455
3463
3467
3474
3476
3477
3479
3480
3486
3487
3488
3489
3490
3491
3492
3497
3499
3502
3504
3505
3508
3509
3512
3518
3520
3521
3522
3525
3528
3529
3530
3533
3534
3535
3536
3538
3540
3542
3543
3544
3545
3546
3547
3548
3550
3551
3552
3554
3556
3562
3563
3564
3565
3567
3568
3569
3570
3572
3573
3576
3581
3582
3583
3586
3588
3589
3590
3592
3593
3596
3598
3599
3601
3602
3603
3604
3608
3610
3611
3612
3613
3615
3617
3619
3620
3621
3622
3624
3628
3634
3635
3636
3639
3643
3647
3650
3651
3652
3654
3655
3656
3657
3659
3661
3663
3664
3666
3669
3670
3672
3674
3676
3678
3679
3684
3686
3687
3690
3691
3697
3698
3699
3701
3702
3704
3706
3707
3711
3712
3715
3717
3718
3719
3720
3721
3723
3724
3725
3727
3731
3732
3734
3736
3738
3739
3741
3744
3745
3746
3747
3748
3749
3750
3753
3754
3755
3756
3760
3761
3765
3766
3767
3768
3769
3770
3772
3774
3776
3783
3784
3785
3790
3791
3793
3794
3796
3798
3799
3800
3801
3804
3806
3807
3808
3809
3810
3811
3814
3819
3820
3821
3826
3827
3828
3831
3833
3834
3840
3841
3843
3846
3851
3852
3854
3855
3856
3858
3859
3860
3863
3864
3868
3869
3870
3871
3872
3876
3878
3879
3881
3882
3883
3884
3885
3886
3887
3888
3889
3890
3891
3892
3893
3896
3897
3901
3902
3903
3904
3905
3908
3913
3914
3917
3919
3920
3924
3926
3928
3930
3934
3935
3937
3938
3939
3940
3941
3942
3943
3948
3949
3950
3952
3953
3955
3958
3959
3961
3963
3965
3968
3970
3972
3975
3976
3977
3979
3980
3982
3985
3989
3990
3994
3995
3996
3997
3998
