1
4
6
7
8
9
10
11
13
14
15
16
17
18
21
22
23
24
27
28
29
30
32
33
34
36
37
38
39
41
42
45
46
48
50
51
52
55
58
61
62
63
64
66
68
69
70
71
74
75
76
77
78
80
81
82
84
85
87
88
89
91
92
93
95
96
97
98
100
102
103
104
105
106
107
108
109
110
111
112
113
114
115
117
118
120
122
123
124
125
126
127
128
129
131
133
134
135
136
137
138
139
142
143
144
145
146
147
148
149
150
151
152
153
157
159
160
161
162
164
165
166
167
170
171
172
173
174
175
176
177
180
181
185
186
188
189
190
193
194
196
197
198
199
201
204
205
206
208
209
212
213
215
216
218
220
222
223
224
226
227
228
229
230
231
232
234
235
236
239
240
241
243
244
245
248
249
251
253
254
255
256
257
258
259
260
261
262
263
264
265
266
267
268
269
270
271
275
276
277
278
279
280
282
283
284
285
290
292
294
295
296
297
298
299
300
301
302
303
304
305
309
310
312
313
314
316
317
318
319
320
324
327
328
329
330
331
333
334
335
336
337
338
339
341
343
344
345
347
348
352
353
354
357
358
361
362
363
366
367
368
369
371
372
373
375
376
377
378
379
381
383
384
386
387
390
391
392
393
395
396
397
398
399
400
401
403
404
406
407
409
410
411
413
414
415
416
417
418
419
421
422
423
424
425
426
427
428
429
430
433
434
435
437
438
439
440
442
443
444
445
446
447
448
449
451
452
454
455
456
458
461
462
463
465
466
467
468
469
470
471
472
474
475
476
477
478
480
481
482
483
484
488
489
490
493
494
495
496
497
498
500
501
502
503
504
505
506
507
508
509
510
511
512
513
514
515
516
517
518
519
520
521
522
524
525
526
527
530
531
532
533
535
536
538
540
541
542
544
545
546
548
549
550
551
553
554
555
556
559
560
565
566
569
571
573
574
575
576
578
580
581
582
584
585
586
587
590
591
592
593
594
595
598
599
600
601
602
603
604
605
607
609
610
611
612
614
615
616
617
618
620
622
623
624
625
626
627
629
631
632
633
634
635
636
637
638
639
642
643
644
645
648
649
651
653
654
655
656
658
661
662
664
666
667
668
669
672
673
674
675
677
678
679
680
681
682
685
687
688
689
690
691
693
695
696
698
699
702
703
705
707
708
709
711
712
714
717
718
719
720
721
722
723
725
728
731
732
733
734
735
736
737
739
741
742
743
745
746
747
748
749
750
751
753
754
755
756
757
758
762
765
766
769
770
771
772
773
775
776
779
781
782
784
785
786
787
789
790
792
794
795
797
799
800
801
802
803
804
805
807
809
810
811
812
816
817
819
820
822
823
824
826
827
828
830
831
832
836
837
840
841
842
844
845
846
847
848
849
850
852
854
855
856
859
860
861
862
863
865
867
868
870
872
873
875
876
877
878
879
880
882
883
885
886
887
888
892
896
897
898
900
902
903
904
905
907
908
910
911
913
914
917
920
921
922
924
925
926
927
928
930
932
933
934
937
938
939
940
941
942
943
944
946
947
948
949
951
953
955
957
958
960
961
962
963
966
967
968
969
970
972
975
976
978
979
980
981
982
984
985
988
989
992
994
995
997
998
999
1001
1003
1005
1006
1007
1008
1010
1012
1013
1016
1017
1018
1019
1022
1024
1026
1027
1028
1029
1031
1032
1033
1034
1035
1037
1039
1040
1041
1042
1043
1044
1045
1046
1047
1049
1050
1051
1052
1053
1054
1055
1056
1057
1058
1060
1061
1062
1063
1064
1065
1066
1067
1068
1069
1072
1073
1074
1075
1077
1078
1079
1081
1082
1083
1084
1086
1087
1088
1089
1092
1095
1096
1097
1099
1101
1102
1104
1106
1107
1108
1112
1113
1114
1115
1116
1117
1122
1123
1124
1125
1126
1127
1128
1129
1130
1131
1133
1134
1135
1137
1141
1142
1143
1144
1145
1146
1147
1148
1149
1150
1151
1152
1153
1155
1158
1159
1161
1162
1163
1164
1165
1166
1167
1168
1169
1173
1175
1178
1180
1181
1182
1185
1186
1189
1190
1195
1198
1200
1201
1202
1203
1204
1205
1206
1207
1210
1212
1213
1214
1215
1218
1219
1220
1221
1222
1224
1225
1226
1227
1228
1230
1231
1232
1234
1235
1236
1238
1240
1241
1242
1243
1246
1249
1250
1252
1253
1254
1255
1256
1257
1258
1260
1262
1263
1264
1265
1266
1268
1269
1270
1271
1272
1273
1274
1275
1276
1277
1279
1280
1281
1282
1283
1286
1288
1289
1291
1292
1293
1295
1296
1297
1298
1299
1300
1301
1302
1305
1308
1309
1310
1311
1313
1316
1318
1319
1320
1321
1323
1324
1327
1329
1330
1331
1334
1335
1337
1340
1342
1343
1345
1346
1347
1348
1350
1352
1353
1354
1356
1357
1359
1361
1364
1366
1368
1369
1370
1371
1372
1373
1374
1375
1378
1379
1380
1382
1383
1386
1390
1391
1392
1398
1399
1400
1402
1405
1406
1407
1408
1412
1413
1414
1416
1417
1418
1420
1421
1422
1423
1424
1426
1428
1429
1430
1431
1433
1434
1435
1437
1438
1440
1441
1443
1445
1446
1447
1448
1452
1453
1455
1456
1457
1458
1459
1460
1462
1464
1465
1466
1468
1469
1470
1472
1473
1475
1478
1479
1480
1481
1484
1486
1487
1488
1489
1490
1491
1493
1494
1496
1497
1501
1504
1505
1506
1507
1508
1509
1511
1512
1513
1514
1516
1517
1519
1520
1521
1522
1523
1524
1529
1530
1531
1532
1533
1534
1535
1536
1538
1539
1541
1542
1543
1545
1546
1547
1548
1549
1550
1551
1552
1554
1555
1556
1557
1558
1559
1560
1561
1563
1564
1565
1566
1567
1569
1571
1572
1573
1574
1575
1576
1577
1578
1579
1580
1582
1583
1584
1586
1587
1588
1590
1592
1594
1596
1597
1598
1599
1602
1603
1604
1606
1607
1608
1609
1611
1612
1614
1615
1616
1617
1620
1621
1622
1623
1625
1626
1629
1630
1632
1634
1635
1636
1637
1638
1639
1640
1645
1647
1648
1650
1651
1652
1655
1657
1658
1661
1665
1667
1668
1669
1671
1672
1673
1675
1676
1678
1679
1682
1683
1686
1687
1688
1690
1691
1692
1697
1698
1700
1701
1702
1703
1704
1705
1706
1707
1708
1712
1713
1715
1719
1720
1721
1723
1724
1725
1726
1727
1730
1733
1734
1736
1737
1738
1739
1740
1741
1742
1743
1744
1746
1747
1748
1749
1751
1752
1754
1755
1758
1760
1761
1762
1763
1765
1767
1768
1769
1772
1774
1775
1776
1777
1778
1779
1781
1782
1784
1785
1786
1788
1789
1790
1793
1794
1795
1797
1798
1799
1800
1802
1803
1804
1805
1806
1807
1808
1809
1810
1811
1812
1813
1814
1815
1816
1817
1818
1819
1820
1822
1824
1825
1828
1829
1830
1832
1833
1834
1835
1836
1837
1838
1839
1840
1841
1842
1843
1845
1846
1847
1849
1850
1851
1852
1854
1856
1857
1858
1859
1860
1861
1862
1863
1864
1865
1866
1867
1869
1871
1874
1878
1879
1880
1882
1883
1884
1885
1886
1887
1889
1890
1891
1892
1894
1896
1897
1898
1901
1902
1903
1904
1905
1906
1907
1908
1909
1910
1911
1912
1913
1914
1917
1919
1921
1922
1924
1925
1926
1927
1928
1929
1930
1931
1934
1935
1936
1937
1940
1941
1942
1943
1944
1947
1948
1950
1951
1952
1953
1954
1955
1957
1958
1959
1961
1962
1963
1964
1965
1968
1969
1973
1974
1975
1976
1977
1978
1979
1980
1981
1982
1984
1985
1987
1988
1992
1993
1994
1995
1996
1997
2001
2002
2003
2005
2006
2007
2008
2009
2010
2011
2012
2013
2014
2015
2017
2018
2019
2020
2022
2023
2024
2025
2026
2027
2028
2029
2030
2031
2032
2033
2034
2036
2038
2039
2040
2041
2042
2043
2044
2045
2046
2047
2049
2051
2052
2053
2054
2055
2056
2058
2062
2063
2064
2065
2066
2069
2070
2071
2072
2073
2074
2076
2077
2078
2080
2081
2082
2084
2085
2086
2087
2089
2092
2093
2094
2096
2097
2098
2099
2100
2101
2103
2105
2106
2107
2108
2110
2111
2112
2114
2115
2116
2117
2118
2120
2122
2123
2126
2128
2129
2130
2131
2132
2134
2135
2139
2140
2141
2142
2143
2144
2145
2147
2148
2149
2150
2151
2155
2157
2158
2159
2160
2161
2162
2163
2164
2168
2169
2171
2174
2175
2177
2179
2180
2181
2182
2183
2184
2186
2188
2189
2190
2192
2193
2195
2196
2197
2199
2200
2201
2202
2203
2204
2207
2208
2209
2210
2211
2212
2214
2215
2216
2217
2218
2219
2220
2221
2222
2224
2225
2226
2227
2228
2229
2230
2231
2233
2234
2235
2236
2238
2239
2240
2241
2243
2244
2245
2249
2251
2257
2258
2259
2261
2262
2263
2264
2265
2266
2267
2269
2270
2271
2273
2274
2276
2277
2278
2279
2280
2281
2282
2284
2286
2287
2288
2290
2293
2295
2296
2298
2299
2300
2303
2304
2305
2306
2307
2308
2310
2311
2312
2315
2316
2319
2320
2321
2322
2323
2324
2325
2326
2329
2330
2332
2333
2334
2335
2338
2340
2341
2342
2344
2346
2347
2348
2349
2350
2351
2353
2354
2355
2356
2357
2358
2359
2360
2361
2363
2364
2365
2366
2367
2368
2369
2370
2373
2374
2375
2376
2377
2378
2379
2380
2382
2384
2385
2386
2387
2388
2390
2391
2393
2394
2395
2396
2397
2398
2399
2400
2401
2403
2404
2405
2406
2407
2408
2409
2411
2412
2413
2414
2415
2416
2417
2418
2419
2422
2429
2432
2433
2434
2436
2437
2439
2440
2441
2443
2445
2446
2448
2450
2451
2452
2453
2454
2455
2456
2458
2460
2461
2462
2463
2464
2465
2466
2469
2470
2471
2472
2473
2475
2478
2480
2485
2486
2487
2489
2490
2491
2492
2494
2495
2496
2497
2498
2499
2501
2503
2504
2506
2507
2508
2511
2512
2513
2514
2517
2519
2520
2522
2523
2524
2525
2526
2527
2528
2529
2532
2533
2534
2536
2537
2538
2541
2542
2543
2544
2547
2548
2549
2550
2552
2553
2554
2555
2556
2557
2558
2559
2560
2561
2562
2563
2564
2565
2566
2567
2568
2570
2571
2572
2573
2574
2575
2576
2577
2578
2579
2580
2581
2582
2583
2584
2585
2586
2589
2590
2591
2593
2594
2595
2596
2597
2598
2599
2602
2603
2604
2605
2606
2610
2611
2612
2614
2615
2616
2617
2618
2621
2624
2625
2626
2627
2629
2630
2631
2632
2633
2636
2638
2639
2641
2642
2643
2644
2646
2648
2649
2650
2653
2654
2655
2656
2657
2658
2659
2660
2661
2663
2665
2666
2668
2669
2670
2672
2673
2674
2675
2676
2677
2678
2680
2683
2686
2688
2689
2691
2694
2695
2696
2698
2699
2700
2705
2707
2708
2709
2710
2711
2712
2713
2714
2715
2716
2717
2718
2721
2722
2724
2725
2727
2729
2730
2731
2732
2733
2734
2736
2737
2738
2740
2741
2742
2743
2744
2746
2747
2748
2749
2750
2752
2753
2754
2756
2757
2758
2761
2762
2763
2764
2765
2767
2768
2770
2771
2772
2774
2776
2777
2778
2779
2780
2781
2782
2783
2785
2787
2789
2790
2791
2793
2794
2796
2797
2798
2799
2800
2805
2807
2809
2810
2811
2812
2814
2818
2819
2821
2822
2823
2826
2827
2828
2829
2830
2831
2833
2834
2835
2836
2837
2838
2839
2840
2841
2842
2843
2844
2845
2846
2848
2850
2851
2852
2853
2856
2857
2858
2859
2860
2861
2862
2863
2864
2865
2866
2868
2870
2871
2872
2873
2874
2875
2877
2878
2879
2881
2883
2884
2885
2887
2888
2889
2890
2891
2892
2893
2894
2895
2896
2898
2900
2902
2903
2907
2908
2909
2910
2912
2915
2916
2917
2918
2919
2920
2921
2922
2926
2927
2928
2929
2931
2932
2933
2934
2935
2936
2937
2938
2939
2940
2942
2943
2944
2945
2946
2947
2948
2949
2950
2951
2952
2953
2955
2956
2957
2959
2960
2961
2964
2965
2966
2967
2970
2972
2973
2974
2975
2980
2981
2982
2983
2984
2985
2986
2988
2989
2990
2991
2992
2993
2995
2996
2997
2999
3000
3001
3002
3003
3005
3007
3012
3013
3014
3018
3019
3020
3021
3022
3023
3024
3025
3026
3028
3029
3030
3032
3033
3034
3035
3036
3038
3041
3042
3043
3044
3045
3046
3047
3048
3049
3050
3051
3052
3053
3054
3055
3056
3058
3059
3061
3062
3063
3064
3065
3068
3069
3071
3072
3073
3074
3075
3076
3077
3078
3079
3081
3082
3083
3084
3086
3088
3089
3090
3091
3093
3094
3096
3099
3101
3102
3103
3106
3108
3109
3110
3111
3112
3113
3115
3116
3117
3119
3120
3122
3124
3125
3126
3127
3128
3130
3131
3132
3133
3135
3136
3137
3138
3139
3140
3141
3144
3145
3146
3148
3150
3151
3153
3154
3155
3156
3157
3158
3159
3160
3161
3162
3165
3166
3167
3168
3169
3171
3172
3174
3175
3176
3177
3179
3180
3181
3182
3185
3186
3187
3188
3189
3191
3193
3194
3195
3196
3199
3200
3202
3203
3205
3207
3209
3210
3211
3213
3214
3216
3221
3222
3223
3224
3225
3228
3229
3230
3231
3233
3234
3235
3237
3238
3239
3240
3241
3242
3243
3244
3245
3246
3249
3250
3251
3255
3256
3257
3258
3259
3260
3261
3263
3266
3268
3269
3270
3271
3272
3273
3275
3276
3277
3278
3280
3281
3282
3285
3286
3290
3291
3292
3293
3294
3295
3296
3297
3298
3301
3302
3303
3304
3306
3307
3308
3310
3312
3313
3314
3317
3318
3320
3321
3323
3324
3325
3326
3327
3329
3331
3332
3333
3336
3337
3338
3339
3341
3344
3345
3346
3347
3348
3349
3350
3351
3352
3353
3354
3355
3359
3360
3361
3362
3363
3364
3365
3366
3367
3369
3370
3371
3373
3375
3377
3378
3379
3381
3382
3383
3385
3386
3388
3389
3391
3392
3393
3394
3396
3397
3400
3403
3404
3405
3407
3409
3410
3412
3413
3414
3416
3417
3418
3420
3422
3423
3424
3425
3426
3427
3428
3432
3433
3434
3435
3436
3438
3439
3441
3443
3445
3448
3450
3451
3452
3453
3455
3456
3457
3460
3462
3463
3464
3466
3467
3468
3469
3470
3471
3472
3475
3476
3477
3478
3479
3480
3481
3482
3483
3484
3486
3487
3488
3489
3490
3491
3492
3493
3495
3496
3499
3500
3501
3502
3503
3504
3505
3506
3508
3509
3511
3512
3513
3514
3515
3516
3517
3518
3519
3521
3522
3524
3525
3526
3527
3528
3529
3530
3531
3532
3534
3538
3539
3541
3542
3543
3544
3546
3547
3548
3549
3550
3551
3556
3557
3558
3559
3561
3562
3563
3564
3565
3566
3568
3569
3570
3573
3576
3577
3579
3580
3581
3584
3585
3586
3587
3588
3589
3590
3591
3592
3594
3595
3597
3598
3599
3600
3603
3605
3607
3608
3609
3610
3611
3612
3613
3614
3615
3616
3617
3618
3619
3620
3621
3622
3626
3629
3630
3631
3632
3633
3635
3636
3637
3638
3639
3640
3641
3642
3643
3644
3645
3646
3648
3650
3651
3652
3653
3654
3655
3657
3658
3659
3660
3661
3662
3664
3666
3667
3669
3671
3672
3673
3674
3675
3680
3681
3682
3683
3685
3686
3687
3688
3689
3691
3694
3695
3696
3697
3698
3700
3701
3702
3703
3705
3708
3709
3710
3711
3712
3714
3717
3718
3719
3721
3723
3724
3727
3729
3730
3731
3732
3733
3735
3738
3739
3740
3741
3745
3746
3747
3748
3749
3750
3751
3752
3754
3757
3758
3759
3760
3762
3764
3767
3771
3772
3775
3776
3778
3781
3782
3783
3784
3785
3786
3787
3790
3791
3792
3793
3794
3797
3798
3800
3801
3802
3803
3807
3808
3809
3810
3811
3812
3813
3814
3818
3819
3822
3826
3828
3829
3833
3835
3836
3837
3838
3842
3844
3845
3846
3847
3848
3849
3850
3851
3853
3854
3855
3857
3860
3863
3865
3866
3868
3869
3870
3871
3873
3874
3875
3876
3877
3879
3880
3881
3882
3884
3885
3886
3887
3888
3890
3893
3894
3895
3896
3897
3900
3903
3905
3906
3909
3911
3912
3913
3914
3915
3916
3917
3918
3919
3920
3921
3923
3924
3925
3927
3928
3931
3932
3933
3934
3935
3936
3937
3938
3939
3940
3942
3945
3946
3947
3948
3953
3955
3956
3957
3958
3959
3962
3963
3966
3968
3969
3970
3971
3972
3973
3975
3976
3978
3979
3980
3981
3982
3983
3984
3985
3986
3988
3989
3991
3992
3994
3996
3998
3999
