2
3
4
6
11
12
19
28
32
34
39
43
44
47
48
52
57
58
64
66
68
71
73
77
79
86
88
89
92
94
109
115
118
120
122
124
126
130
131
133
139
140
150
151
156
158
160
163
171
173
174
175
177
182
183
188
191
194
195
196
200
201
202
205
220
222
228
230
232
233
235
239
243
247
249
261
264
265
268
270
271
283
287
288
289
296
297
300
306
307
318
319
327
338
344
346
348
353
354
355
357
358
361
364
366
368
377
383
386
390
391
398
399
401
403
404
408
411
424
431
432
433
440
441
443
448
455
457
459
465
469
479
482
488
494
498
499
500
503
507
508
510
511
513
514
516
517
523
525
527
530
533
535
537
543
547
549
555
556
562
564
567
568
572
573
579
583
586
590
606
610
611
612
613
618
619
621
622
623
631
636
640
641
642
648
653
654
655
661
663
666
669
670
678
679
681
683
688
689
695
696
699
701
703
710
712
715
717
723
724
738
743
744
750
755
756
761
762
764
767
780
783
790
796
804
808
809
811
814
816
818
824
835
837
840
845
846
847
855
861
864
865
866
867
872
873
877
878
884
887
890
893
894
898
903
904
906
910
924
926
936
937
943
946
953
960
961
963
968
975
976
978
980
984
985
988
990
991
995
998
1005
1006
1008
1014
1018
1021
1023
1031
1032
1034
1036
1038
1040
1042
1045
1046
1049
1056
1057
1059
1061
1071
1073
1076
1080
1090
1095
1096
1099
1101
1110
1112
1116
1118
1119
1129
1132
1134
1137
1139
1141
1158
1161
1165
1166
1168
1172
1173
1182
1183
1185
1194
1199
1205
1207
1216
1219
1221
1228
1234
1237
1238
1239
1249
1252
1255
1257
1259
1264
1265
1269
1275
1276
1282
1283
1287
1291
1296
1299
1303
1318
1319
1323
1325
1329
1332
1336
1338
1339
1340
1345
1348
1350
1352
1356
1360
1363
1368
1375
1376
1381
1385
1391
1400
1408
1409
1412
1413
1414
1415
1417
1421
1422
1426
1428
1437
1453
1456
1461
1464
1465
1467
1468
1470
1471
1477
1479
1481
1482
1483
1486
1493
1502
1504
1511
1512
1515
1521
1523
1525
1526
1536
1543
1544
1546
1552
1555
1564
1567
1578
1579
1585
1590
1599
1600
1601
1607
1619
1620
1626
1628
1636
1649
1656
1660
1664
1665
1667
1669
1671
1673
1678
1682
1683
1686
1687
1688
1691
1692
1696
1698
1699
1702
1705
1706
1707
1708
1709
1710
1711
1712
1718
1720
1722
1724
1728
1734
1736
1737
1741
1743
1744
1749
1752
1755
1759
1761
1763
1765
1766
1775
1781
1787
1789
1792
1800
1802
1807
1812
1818
1819
1820
1822
1824
1825
1826
1833
1838
1840
1841
1846
1849
1852
1853
1854
1857
1861
1862
1865
1868
1870
1873
1874
1879
1880
1885
1891
1892
1893
1900
1902
1903
1914
1917
1921
1928
1931
1938
1939
1941
1942
1943
1946
1950
1951
1955
1959
1960
1967
1968
1973
1974
1975
1978
1981
1982
1985
1994
1996
2001
2004
2009
2011
2015
2023
2028
2032
2055
2056
2058
2064
2075
2085
2088
2089
2090
2093
2095
2100
2101
2102
2109
2117
2118
2123
2124
2128
2131
2139
2144
2150
2152
2158
2160
2163
2174
2176
2177
2179
2180
2181
2189
2192
2193
2206
2207
2211
2212
2214
2216
2219
2223
2229
2230
2234
2237
2245
2246
2253
2258
2262
2268
2269
2270
2272
2274
2276
2279
2283
2284
2285
2286
2287
2289
2292
2294
2297
2300
2303
2306
2308
2309
2311
2312
2317
2326
2327
2341
2344
2347
2350
2351
2356
2362
2367
2379
2382
2385
2389
2391
2393
2396
2397
2399
2401
2405
2410
2412
2413
2418
2423
2425
2427
2437
2439
2440
2442
2443
2446
2450
2452
2456
2464
2466
2470
2471
2473
2475
2479
2481
2482
2484
2489
2490
2492
2498
2500
2507
2508
2511
2514
2518
2520
2526
2529
2537
2539
2542
2543
2547
2551
2559
2562
2577
2578
2582
2584
2591
2593
2595
2605
2616
2618
2620
2628
2632
2633
2635
2636
2640
2647
2651
2652
2653
2654
2655
2658
2664
2674
2677
2679
2680
2681
2687
2688
2696
2699
2700
2703
2706
2707
2714
2722
2734
2746
2748
2757
2762
2763
2768
2771
2773
2774
2776
2786
2792
2795
2799
2801
2810
2814
2816
2823
2830
2834
2840
2843
2844
2847
2850
2855
2858
2861
2863
2869
2870
2872
2874
2884
2885
2893
2898
2900
2910
2914
2917
2921
2927
2938
2940
2944
2950
2959
2963
2964
2965
2969
2972
2977
2980
2981
2985
2995
3003
3004
3016
3017
3020
3024
3031
3033
3039
3049
3058
3061
3062
3065
3066
3069
3075
3077
3081
3083
3084
3085
3093
3097
3102
3104
3106
3108
3113
3118
3122
3123
3125
3129
3131
3137
3140
3143
3145
3146
3147
3148
3151
3152
3157
3158
3162
3164
3166
3169
3172
3177
3181
3186
3187
3188
3190
3194
3199
3206
3207
3212
3217
3220
3223
3227
3229
3233
3238
3240
3242
3249
3251
3252
3255
3263
3268
3276
3277
3284
3291
3297
3298
3302
3310
3312
3315
3316
3319
3326
3328
3329
3331
3333
3337
3353
3359
3365
3369
3370
3372
3374
3378
3379
3380
3393
3394
3399
3401
3402
3406
3412
3417
3418
3419
3422
3427
3429
3438
3440
3442
3447
3449
3450
3451
3457
3462
3465
3469
3472
3474
3478
3482
3484
3492
3494
3498
3501
3503
3504
3513
3516
3517
3522
3523
3527
3530
3532
3534
3536
3544
3545
3547
3556
3572
3573
3578
3582
3583
3584
3592
3598
3603
3605
3606
3608
3614
3615
3618
3619
3623
3625
3626
3635
3636
3637
3639
3644
3647
3648
3649
3650
3653
3656
3657
3666
3669
3672
3673
3676
3677
3683
3684
3691
3695
3703
3706
3717
3718
3724
3725
3726
3729
3735
3742
3744
3746
3748
3750
3752
3753
3759
3761
3764
3765
3766
3768
3769
3770
3771
3777
3778
3781
3783
3785
3787
3790
3795
3797
3802
3804
3808
3817
3820
3823
3824
3825
3826
3827
3836
3840
3844
3846
3853
3863
3866
3872
3877
3878
3880
3884
3885
3890
3892
3895
3898
3899
3905
3906
3924
3932
3933
3936
3944
3946
3950
3960
3964
3968
3975
3976
3992
3993
3996
3997
3998
