1
47
60
91
94
150
156
172
203
252
256
305
395
399
427
433
488
507
519
542
546
550
577
587
629
636
678
687
700
702
724
731
783
794
809
818
911
913
922
968
1033
1067
1100
1111
1115
1139
1153
1190
1289
1292
1311
1402
1412
1453
1489
1513
1555
1567
1609
1653
1667
1673
1679
1696
1718
1735
1744
1749
1788
1852
1949
1950
2014
2103
2151
2152
2181
2193
2213
2257
2263
2268
2329
2358
2378
2471
2487
2508
2524
2534
2554
2595
2637
2646
2687
2692
2695
2721
2726
2780
2798
2833
2836
2894
2904
2932
2990
3012
3027
3044
3046
3048
3056
3073
3080
3091
3106
3124
3166
3168
3259
3312
3314
3325
3348
3358
3364
3374
3389
3397
3435
3436
3456
3473
3498
3528
3537
3555
3557
3606
3608
3620
3635
3665
3681
3755
3760
3774
3785
3819
3828
3854
3855
3863
3879
3881
3932
3956
3957
3970
