1
4
7
8
10
11
12
16
18
19
21
24
28
32
33
34
35
37
38
44
47
48
50
51
58
59
63
64
66
68
70
71
72
74
75
79
80
81
82
83
84
85
86
88
90
92
93
94
99
100
101
102
104
108
112
113
122
125
126
128
131
133
136
137
138
139
140
141
144
146
150
154
155
156
157
159
162
163
164
166
167
168
171
173
175
180
182
185
186
187
194
196
200
202
205
207
208
210
211
214
217
219
221
222
223
224
227
228
229
230
231
240
245
247
248
252
256
261
263
264
266
269
270
271
272
273
274
277
281
283
284
286
288
291
296
302
306
307
308
309
310
311
314
316
317
318
322
323
325
326
327
328
330
332
336
337
340
343
346
347
349
350
353
354
355
359
360
361
362
363
364
372
373
375
376
378
379
380
383
384
387
389
391
392
394
399
400
401
404
406
407
415
416
419
420
423
425
427
432
433
434
435
437
438
440
443
444
446
447
448
449
452
454
456
458
460
462
464
465
466
468
473
474
477
482
483
486
489
491
492
494
495
497
504
505
508
509
511
513
514
515
516
518
519
520
522
524
525
528
529
530
533
535
536
538
540
544
545
546
549
551
553
554
555
557
558
559
563
565
571
572
574
575
577
578
582
584
588
589
598
601
602
603
609
611
614
615
617
618
620
622
623
624
625
627
628
630
633
634
635
636
640
641
643
644
645
648
649
650
651
652
654
655
656
659
665
668
672
673
674
684
685
686
687
688
689
690
692
693
694
695
710
715
716
717
718
719
720
723
725
728
729
731
732
733
736
737
738
740
744
746
751
755
758
759
761
764
766
772
773
779
780
782
783
784
785
786
789
792
796
797
798
801
802
806
808
810
812
813
815
818
826
827
829
830
831
835
836
837
839
840
842
843
844
845
846
849
851
854
858
859
860
862
867
872
874
875
876
878
879
881
883
885
886
887
889
890
891
896
900
902
904
905
907
908
912
913
917
920
926
927
928
929
935
937
938
939
940
943
946
949
954
955
957
959
960
963
964
972
975
978
979
980
981
982
983
984
985
988
989
990
991
992
994
996
999
1000
1006
1009
1012
1013
1014
1016
1018
1019
1020
1021
1027
1028
1029
1030
1031
1033
1036
1037
1038
1039
1040
1044
1049
1053
1055
1056
1057
1060
1062
1063
1065
1066
1067
1068
1071
1079
1080
1081
1082
1085
1086
1091
1093
1095
1096
1098
1099
1102
1108
1112
1113
1116
1120
1123
1125
1130
1131
1134
1137
1138
1139
1140
1144
1145
1147
1150
1153
1158
1160
1161
1162
1163
1166
1167
1168
1170
1171
1172
1177
1179
1180
1181
1183
1185
1187
1188
1190
1192
1194
1195
1198
1199
1200
1201
1204
1205
1206
1207
1208
1211
1213
1214
1215
1219
1222
1225
1226
1233
1235
1239
1240
1242
1247
1248
1249
1251
1253
1255
1257
1261
1262
1264
1265
1267
1268
1270
1271
1272
1277
1279
1280
1283
1284
1285
1286
1292
1293
1294
1297
1298
1299
1301
1302
1305
1308
1309
1311
1313
1314
1315
1317
1319
1321
1322
1326
1327
1328
1329
1330
1333
1335
1338
1339
1341
1342
1347
1349
1354
1355
1356
1357
1358
1359
1360
1361
1363
1364
1374
1375
1376
1378
1381
1382
1383
1384
1385
1388
1393
1396
1397
1399
1402
1403
1406
1408
1409
1411
1412
1416
1420
1425
1426
1427
1428
1430
1432
1434
1435
1438
1439
1440
1446
1447
1449
1452
1455
1459
1460
1463
1466
1467
1470
1475
1476
1478
1479
1480
1488
1491
1493
1494
1497
1501
1507
1509
1510
1511
1512
1513
1515
1516
1518
1525
1526
1531
1534
1535
1537
1539
1540
1541
1545
1548
1550
1551
1552
1553
1554
1555
1556
1558
1561
1562
1563
1564
1568
1569
1572
1574
1575
1579
1582
1583
1585
1588
1590
1592
1595
1596
1597
1598
1600
1601
1603
1604
1607
1609
1614
1615
1617
1618
1621
1623
1624
1625
1627
1634
1635
1637
1640
1641
1645
1646
1649
1652
1653
1654
1656
1657
1659
1660
1665
1666
1672
1673
1674
1676
1679
1682
1683
1685
1686
1688
1691
1692
1693
1697
1699
1701
1702
1703
1705
1706
1709
1710
1711
1713
1714
1718
1722
1724
1725
1727
1728
1729
1731
1732
1734
1735
1736
1737
1741
1745
1747
1748
1749
1750
1757
1762
1764
1765
1767
1768
1769
1771
1772
1774
1776
1777
1780
1782
1784
1786
1789
1792
1793
1796
1800
1802
1803
1804
1807
1808
1809
1811
1814
1818
1819
1821
1823
1824
1825
1826
1827
1828
1829
1830
1831
1834
1835
1836
1837
1838
1839
1840
1842
1846
1847
1848
1849
1850
1851
1854
1858
1859
1860
1861
1862
1864
1865
1866
1867
1868
1870
1875
1876
1877
1878
1879
1880
1882
1883
1885
1887
1892
1895
1896
1897
1898
1899
1900
1901
1904
1905
1907
1912
1914
1915
1916
1918
1919
1920
1921
1924
1929
1930
1931
1936
1937
1938
1939
1944
1945
1946
1947
1950
1951
1953
1955
1956
1960
1970
1971
1972
1973
1974
1975
1981
1983
1984
1985
1986
1989
1992
1993
1994
1995
1996
1997
1999
2002
2003
2009
2010
2011
2013
2014
2020
2021
2028
2030
2032
2035
2036
2040
2046
2047
2050
2052
2053
2056
2058
2059
2061
2062
2065
2066
2067
2069
2070
2071
2073
2074
2075
2077
2078
2082
2085
2087
2088
2089
2090
2092
2093
2095
2096
2097
2099
2100
2101
2102
2103
2105
2106
2108
2110
2112
2115
2117
2118
2119
2121
2122
2124
2125
2126
2127
2131
2132
2133
2136
2138
2140
2142
2143
2144
2145
2147
2148
2154
2155
2156
2157
2158
2164
2167
2173
2174
2175
2178
2179
2180
2181
2183
2188
2189
2195
2198
2207
2209
2210
2214
2215
2217
2218
2219
2221
2223
2229
2231
2233
2234
2235
2237
2238
2241
2242
2245
2248
2250
2251
2253
2255
2264
2266
2268
2270
2272
2275
2278
2280
2282
2283
2284
2287
2290
2291
2295
2296
2297
2301
2304
2307
2308
2309
2310
2311
2312
2314
2315
2317
2319
2320
2321
2322
2325
2328
2329
2331
2332
2333
2334
2338
2339
2341
2342
2344
2345
2346
2348
2351
2354
2355
2356
2358
2359
2360
2361
2362
2365
2366
2367
2368
2370
2371
2372
2373
2374
2379
2381
2383
2387
2388
2389
2390
2391
2393
2395
2396
2399
2401
2402
2403
2407
2409
2410
2411
2412
2414
2415
2416
2418
2420
2421
2422
2424
2425
2426
2428
2431
2434
2436
2438
2439
2440
2443
2444
2447
2449
2450
2452
2455
2456
2457
2458
2460
2461
2462
2464
2466
2468
2471
2472
2473
2474
2476
2477
2478
2479
2481
2482
2487
2489
2491
2492
2496
2499
2500
2502
2504
2507
2509
2510
2512
2513
2514
2515
2516
2517
2518
2519
2520
2521
2531
2533
2534
2535
2536
2539
2540
2541
2542
2547
2552
2553
2555
2558
2559
2560
2561
2562
2563
2564
2565
2570
2571
2573
2575
2576
2577
2578
2582
2583
2584
2585
2587
2589
2590
2592
2596
2598
2599
2600
2605
2608
2612
2614
2617
2623
2624
2625
2626
2627
2628
2631
2633
2634
2635
2636
2638
2639
2640
2642
2643
2644
2649
2650
2651
2653
2657
2659
2660
2664
2666
2667
2668
2670
2671
2672
2673
2674
2675
2678
2680
2681
2682
2684
2685
2688
2689
2692
2693
2694
2695
2696
2699
2702
2703
2706
2707
2708
2709
2710
2711
2714
2715
2716
2719
2720
2725
2726
2730
2732
2734
2735
2736
2737
2738
2741
2746
2750
2751
2754
2755
2756
2761
2764
2766
2768
2769
2774
2778
2779
2781
2782
2785
2786
2787
2788
2795
2798
2799
2805
2806
2807
2808
2809
2811
2814
2816
2817
2819
2821
2822
2823
2824
2825
2826
2828
2829
2832
2836
2837
2838
2839
2840
2841
2845
2846
2847
2850
2854
2855
2856
2857
2858
2860
2861
2864
2870
2872
2873
2874
2875
2876
2880
2883
2884
2885
2886
2891
2896
2897
2898
2903
2905
2906
2907
2908
2909
2916
2917
2921
2923
2929
2930
2932
2934
2935
2936
2939
2940
2941
2944
2945
2946
2948
2949
2951
2955
2959
2960
2962
2963
2966
2971
2975
2978
2979
2982
2985
2986
2987
2988
2989
2991
2992
2993
2994
2996
2997
3004
3006
3007
3011
3012
3014
3018
3019
3020
3024
3027
3033
3035
3040
3042
3043
3044
3045
3046
3047
3049
3050
3051
3052
3053
3054
3055
3056
3057
3059
3060
3062
3063
3064
3065
3071
3074
3075
3077
3079
3080
3081
3083
3085
3086
3087
3089
3093
3094
3095
3100
3101
3102
3109
3111
3112
3113
3115
3118
3119
3120
3121
3123
3124
3125
3128
3129
3132
3133
3135
3138
3140
3141
3145
3149
3150
3153
3156
3157
3158
3159
3162
3165
3166
3167
3171
3174
3177
3178
3180
3181
3183
3184
3186
3187
3188
3189
3191
3192
3194
3195
3196
3197
3199
3200
3204
3206
3207
3208
3210
3211
3213
3214
3215
3216
3218
3220
3221
3222
3223
3229
3233
3235
3236
3238
3239
3240
3241
3244
3245
3247
3248
3250
3251
3252
3254
3257
3258
3262
3263
3265
3266
3268
3269
3270
3271
3272
3273
3275
3280
3281
3282
3284
3287
3288
3289
3291
3292
3295
3296
3298
3301
3303
3304
3307
3308
3311
3313
3317
3318
3320
3325
3327
3328
3331
3332
3333
3334
3335
3337
3338
3346
3348
3352
3353
3355
3359
3362
3363
3368
3369
3370
3371
3374
3376
3377
3380
3381
3383
3384
3385
3392
3393
3394
3395
3396
3398
3400
3401
3402
3404
3405
3408
3410
3412
3413
3414
3417
3420
3425
3426
3427
3428
3429
3430
3432
3433
3435
3437
3440
3441
3442
3444
3445
3447
3448
3449
3453
3454
3456
3457
3458
3459
3460
3461
3462
3464
3465
3466
3468
3469
3470
3471
3472
3473
3475
3478
3481
3482
3483
3484
3485
3493
3494
3495
3496
3498
3500
3501
3503
3506
3507
3510
3511
3513
3514
3515
3516
3517
3519
3523
3524
3526
3527
3531
3532
3537
3539
3541
3549
3553
3555
3557
3558
3559
3560
3561
3566
3571
3574
3575
3577
3578
3579
3580
3584
3585
3587
3591
3594
3595
3597
3600
3605
3606
3607
3609
3614
3616
3618
3623
3625
3626
3627
3629
3630
3631
3632
3633
3637
3638
3640
3641
3642
3644
3645
3646
3648
3649
3653
3658
3660
3662
3665
3667
3668
3671
3673
3675
3677
3680
3681
3682
3683
3685
3688
3689
3692
3693
3694
3695
3696
3700
3703
3705
3708
3709
3710
3713
3714
3716
3722
3726
3728
3729
3730
3733
3735
3737
3740
3742
3743
3751
3752
3757
3758
3759
3762
3763
3764
3771
3773
3775
3777
3778
3779
3780
3781
3782
3786
3787
3788
3789
3792
3795
3797
3802
3803
3805
3812
3813
3815
3816
3817
3818
3822
3823
3824
3825
3829
3830
3832
3835
3836
3837
3838
3839
3842
3844
3845
3847
3848
3849
3850
3853
3857
3861
3862
3865
3866
3867
3873
3874
3875
3877
3880
3894
3895
3898
3899
3900
3906
3907
3909
3910
3911
3912
3915
3916
3918
3921
3922
3923
3925
3927
3929
3931
3932
3933
3936
3944
3945
3946
3947
3951
3954
3956
3957
3960
3962
3964
3966
3967
3969
3971
3973
3974
3978
3981
3983
3984
3986
3987
3988
3991
3992
3993
3999
4000
